one:
  id: '00048d085693fa1f0e45c8acd782d939'
  name: Asus eee
  model: MyString
  csi_score: 1.5
  functionality_score: 1.5
  reliability_score: 1.5
  support_score: 1.5
  manufacturer: "bbd3850a8d23915d3d2282df4e4f41ab"
  last_update: 2009-09-24 15:52:38
  all_reviews_count: 12

two:
  id: '00105bd4140c2dd0bc9706bdf409b2bc'
  name: macbook
  model: MyString
  csi_score: 1.5
  functionality_score: 1.5
  reliability_score: 1.5
  support_score: 1.5
  manufacturer: "381f153a0e6e6dc7d3bf5dbef251b370"
  last_update: 2009-09-24 15:52:38
  all_reviews_count: 14

three:
  id: 01654d8f616c6632544f4a28cda20e32
  name: Crane Adorable 1 Gallon Cool Mist Humidifier, Frog Shape
  model:
  csi_score: 1.23525
  functionality_score: 1.37706
  reliability_score: 0.967196
  support_score: 0.996719
  manufacturer: 91c18a5dec9cf1fbb20ffffd101409cd
  last_update: 2009-11-21 21:22:22
  all_reviews_count: 1
  func_reviews_count: 1
  sup_review_count: 1
  rel_reviews_count: 1

four:
  id: '4b1b80fce4ade799250855ef8e9c603c'
  name: Canon RS-80N3 Remote Switch for EOS-1V/1VHS, EOS-3, EOS-D2000, D30, D60, 1D, 1Ds, EOS-1D Mark II,III, EOS-1Ds Mark II,III, EOS-10D, 20D, 30D,40D, 50D, 5D
  model: MyString
  csi_score: 1.5
  functionality_score: 1.5
  reliability_score: 1.5
  support_score: 1.5
  manufacturer: 6019b8c34f2499d972e327792ad493b7
  last_update: 2009-09-24 15:52:38
  all_reviews_count: 14

five:
  id: 493e52192e8e9759e05a3a6be7e7bfab
  name: Nikon MC-DC1 Remote Cord for Nikon D70S & D80 Digital SLR Cameras
  model:
  csi_score: 1.23525
  functionality_score: 1.37706
  reliability_score: 0.967196
  support_score: 0.996719
  manufacturer: 55669157804f5c7ab57c11cfbaae65ed
  last_update: 2009-11-21 21:22:22
  all_reviews_count: 1
  func_reviews_count: 1
  sup_review_count: 1
  rel_reviews_count: 1